++ cd scaluq/
++ ./exec.sh f64
============================= test session starts ==============================
platform linux -- Python 3.12.13, pytest-9.0.3, pluggy-1.6.0
benchmark: 5.2.3 (defaults: timer=time.perf_counter disable_gc=False min_rounds=10 min_time=0.000005 max_time=1.0 calibration_precision=10 warmup=False warmup_iterations=100000)
rootdir: /workspace/scaluq
plugins: benchmark-5.2.3
collected 24 items

f64.py ........................                                          [100%]
Wrote benchmark data in: <_io.BufferedWriter name='f64.json'>



----------------------------------------------------------------------------------- benchmark 'circuit': 24 tests ------------------------------------------------------------------------------------
Name (time in ms)             Min                    Max                   Mean            StdDev                 Median               IQR            Outliers       OPS            Rounds  Iterations
------------------------------------------------------------------------------------------------------------------------------------------------------------------------------------------------------
test[4]                    5.0811 (1.0)           6.4577 (1.00)          5.1626 (1.0)      0.1322 (18.71)         5.1231 (1.0)      0.0191 (2.08)        23;31  193.6994 (1.0)         186           1
test[5]                    6.2774 (1.24)          6.4451 (1.0)           6.3152 (1.22)     0.0189 (2.68)          6.3134 (1.23)     0.0159 (1.73)        26;12  158.3475 (0.82)        160           1
test[6]                    7.4672 (1.47)          8.4597 (1.31)          7.5281 (1.46)     0.0839 (11.88)         7.5223 (1.47)     0.0267 (2.91)          1;4  132.8363 (0.69)        134           1
test[7]                    8.6297 (1.70)          9.1274 (1.42)          8.6835 (1.68)     0.0517 (7.32)          8.6779 (1.69)     0.0187 (2.04)         8;18  115.1608 (0.59)        115           1
test[8]                    9.7918 (1.93)         10.0184 (1.55)          9.8696 (1.91)     0.0261 (3.70)          9.8636 (1.93)     0.0191 (2.08)        14;11  101.3212 (0.52)        102           1
test[9]                   10.9963 (2.16)         11.3085 (1.75)         11.0656 (2.14)     0.0390 (5.52)         11.0632 (2.16)     0.0350 (3.80)         17;1   90.3704 (0.47)         91           1
test[10]                  12.1528 (2.39)         12.3125 (1.91)         12.2110 (2.37)     0.0326 (4.62)         12.2086 (2.38)     0.0487 (5.29)         23;1   81.8931 (0.42)         83           1
test[11]                  13.3970 (2.64)         13.5443 (2.10)         13.4568 (2.61)     0.0256 (3.62)         13.4524 (2.63)     0.0247 (2.69)         21;6   74.3116 (0.38)         75           1
test[12]                  14.5231 (2.86)         14.8402 (2.30)         14.6238 (2.83)     0.0582 (8.24)         14.6276 (2.86)     0.0767 (8.33)         21;1   68.3815 (0.35)         69           1
test[13]                  15.8257 (3.11)         16.0093 (2.48)         15.9130 (3.08)     0.0502 (7.11)         15.9267 (3.11)     0.0945 (10.27)        27;0   62.8416 (0.32)         63           1
test[14]                  16.9597 (3.34)         17.0859 (2.65)         17.0191 (3.30)     0.0255 (3.61)         17.0132 (3.32)     0.0328 (3.56)         14;1   58.7576 (0.30)         59           1
test[15]                  18.1797 (3.58)         18.5424 (2.88)         18.2411 (3.53)     0.0560 (7.93)         18.2283 (3.56)     0.0274 (2.98)          5;5   54.8211 (0.28)         55           1
test[16]                  19.2999 (3.80)         19.5839 (3.04)         19.4948 (3.78)     0.0833 (11.79)        19.5244 (3.81)     0.0496 (5.39)        13;11   51.2958 (0.26)         52           1
test[17]                  21.7991 (4.29)         21.8353 (3.39)         21.8186 (4.23)     0.0071 (1.0)          21.8186 (4.26)     0.0092 (1.0)          11;1   45.8325 (0.24)         46           1
test[18]                  30.0802 (5.92)         30.1825 (4.68)         30.1046 (5.83)     0.0210 (2.97)         30.1015 (5.88)     0.0150 (1.63)          4;2   33.2175 (0.17)         34           1
test[19]                  51.4830 (10.13)        51.6231 (8.01)         51.5952 (9.99)     0.0309 (4.37)         51.5991 (10.07)    0.0303 (3.30)          1;1   19.3816 (0.10)         20           1
test[20]                  88.2892 (17.38)        88.3552 (13.71)        88.3178 (17.11)    0.0172 (2.43)         88.3196 (17.24)    0.0180 (1.95)          3;1   11.3227 (0.06)         12           1
test[21]                 249.7915 (49.16)       249.9292 (38.78)       249.8824 (48.40)    0.0384 (5.43)        249.8908 (48.78)    0.0296 (3.21)          2;1    4.0019 (0.02)         10           1
test[22]                 598.6536 (117.82)      598.9001 (92.92)       598.7830 (115.98)   0.0713 (10.09)       598.7922 (116.88)   0.0812 (8.83)          2;0    1.6701 (0.01)         10           1
test[23]               1,221.6060 (240.42)    1,221.9715 (189.60)    1,221.7490 (236.65)   0.1000 (14.16)     1,221.7568 (238.48)   0.0688 (7.48)          3;1    0.8185 (0.00)         10           1
test[24]               2,505.4177 (493.08)    2,505.8759 (388.81)    2,505.6760 (485.35)   0.1638 (23.20)     2,505.6304 (489.09)   0.2727 (29.64)         4;0    0.3991 (0.00)         10           1
test[25]               5,173.0785 (>1000.0)   5,173.6834 (802.74)    5,173.4048 (>1000.0)  0.1853 (26.24)     5,173.4613 (>1000.0)  0.2810 (30.54)         2;0    0.1933 (0.00)         10           1
test[26]              10,705.9877 (>1000.0)  10,706.8614 (>1000.0)  10,706.4260 (>1000.0)  0.2393 (33.88)    10,706.3930 (>1000.0)  0.1848 (20.08)         3;2    0.0934 (0.00)         10           1
test[27]              22,163.6544 (>1000.0)  22,164.5380 (>1000.0)  22,164.0839 (>1000.0)  0.3351 (47.44)    22,164.0453 (>1000.0)  0.7090 (77.06)         6;0    0.0451 (0.00)         10           1
------------------------------------------------------------------------------------------------------------------------------------------------------------------------------------------------------

Legend:
  Outliers: 1 Standard Deviation from Mean; 1.5 IQR (InterQuartile Range) from 1st Quartile and 3rd Quartile.
  OPS: Operations Per Second, computed as 1 / Mean
======================== 24 passed in 574.86s (0:09:34) ========================
++ cd -
/workspace
++ cd qulacs/
++ ./exec.sh f64
============================= test session starts ==============================
platform linux -- Python 3.12.13, pytest-9.0.3, pluggy-1.6.0
benchmark: 5.2.3 (defaults: timer=time.perf_counter disable_gc=False min_rounds=10 min_time=0.000005 max_time=1.0 calibration_precision=10 warmup=False warmup_iterations=100000)
rootdir: /workspace/qulacs
plugins: benchmark-5.2.3
collected 24 items

f64.py ........................                                          [100%]
Wrote benchmark data in: <_io.BufferedWriter name='f64.json'>



----------------------------------------------------------------------------------- benchmark 'circuit': 24 tests -----------------------------------------------------------------------------------
Name (time in ms)             Min                    Max                   Mean            StdDev                 Median               IQR            Outliers      OPS            Rounds  Iterations
-----------------------------------------------------------------------------------------------------------------------------------------------------------------------------------------------------
test[4]                   15.8118 (1.0)          19.4043 (1.0)          15.9027 (1.0)      0.4452 (14.60)        15.8423 (1.0)      0.0261 (1.0)           1;3  62.8825 (1.0)          64           1
test[5]                   19.8982 (1.26)         20.5942 (1.06)         19.9953 (1.26)     0.1088 (3.57)         19.9965 (1.26)     0.0896 (3.43)          3;2  50.0117 (0.80)         50           1
test[6]                   23.8015 (1.51)         25.9348 (1.34)         23.9723 (1.51)     0.3418 (11.21)        23.8613 (1.51)     0.1784 (6.83)          3;4  41.7148 (0.66)         42           1
test[7]                   27.8225 (1.76)         28.1895 (1.45)         27.8738 (1.75)     0.0596 (1.95)         27.8651 (1.76)     0.0382 (1.46)          1;1  35.8760 (0.57)         36           1
test[8]                   31.7844 (2.01)         31.9329 (1.65)         31.8329 (2.00)     0.0305 (1.0)          31.8351 (2.01)     0.0397 (1.52)         10;1  31.4140 (0.50)         32           1
test[9]                   36.4623 (2.31)         36.5826 (1.89)         36.5031 (2.30)     0.0308 (1.01)         36.4988 (2.30)     0.0369 (1.41)          9;1  27.3950 (0.44)         28           1
test[10]                  42.6452 (2.70)         42.7702 (2.20)         42.7079 (2.69)     0.0354 (1.16)         42.7061 (2.70)     0.0629 (2.41)         10;0  23.4149 (0.37)         24           1
test[11]                  49.9297 (3.16)         50.1009 (2.58)         50.0048 (3.14)     0.0500 (1.64)         50.0212 (3.16)     0.0890 (3.41)          7;0  19.9981 (0.32)         20           1
test[12]                  52.7506 (3.34)         57.6966 (2.97)         54.3380 (3.42)     1.2598 (41.30)        53.8282 (3.40)     1.8693 (71.59)         4;0  18.4033 (0.29)         18           1
test[13]                  57.2156 (3.62)         57.9345 (2.99)         57.4283 (3.61)     0.2635 (8.64)         57.2806 (3.62)     0.4897 (18.76)         5;0  17.4130 (0.28)         18           1
test[14]                  61.9767 (3.92)         62.0711 (3.20)         62.0284 (3.90)     0.0317 (1.04)         62.0416 (3.92)     0.0562 (2.15)          8;0  16.1216 (0.26)         17           1
test[15]                  66.0562 (4.18)         66.5415 (3.43)         66.1327 (4.16)     0.1157 (3.79)         66.1021 (4.17)     0.0794 (3.04)          1;1  15.1211 (0.24)         16           1
test[16]                  69.8475 (4.42)         71.0047 (3.66)         70.1362 (4.41)     0.4146 (13.59)        69.9370 (4.41)     0.1747 (6.69)          3;3  14.2580 (0.23)         15           1
test[17]                  73.9825 (4.68)         76.1478 (3.92)         74.5865 (4.69)     0.7304 (23.95)        74.2760 (4.69)     1.0283 (39.38)         2;0  13.4073 (0.21)         14           1
test[18]                  76.2114 (4.82)         84.8282 (4.37)         78.3991 (4.93)     2.8314 (92.83)        77.0669 (4.86)     3.7076 (142.00)        3;0  12.7552 (0.20)         12           1
test[19]                  93.4116 (5.91)         93.5999 (4.82)         93.5091 (5.88)     0.0545 (1.79)         93.5198 (5.90)     0.0668 (2.56)          3;0  10.6941 (0.17)         11           1
test[20]                 120.9655 (7.65)        121.0794 (6.24)        121.0118 (7.61)     0.0366 (1.20)        121.0032 (7.64)     0.0467 (1.79)          3;0   8.2637 (0.13)         10           1
test[21]                 283.1201 (17.91)       283.4205 (14.61)       283.2508 (17.81)    0.1113 (3.65)        283.2764 (17.88)    0.1645 (6.30)          5;0   3.5304 (0.06)         10           1
test[22]                 633.6854 (40.08)       633.9206 (32.67)       633.8155 (39.86)    0.0772 (2.53)        633.8329 (40.01)    0.0915 (3.51)          3;0   1.5777 (0.03)         10           1
test[23]               1,246.5188 (78.83)     1,247.0655 (64.27)     1,246.8546 (78.41)    0.1465 (4.80)      1,246.8400 (78.70)    0.1198 (4.59)          3;1   0.8020 (0.01)         10           1
test[24]               2,507.4325 (158.58)    2,507.8456 (129.24)    2,507.6144 (157.69)   0.1465 (4.80)      2,507.6138 (158.29)   0.2616 (10.02)         3;0   0.3988 (0.01)         10           1
test[25]               5,123.7596 (324.05)    5,124.3794 (264.09)    5,124.0136 (322.21)   0.1993 (6.54)      5,123.9321 (323.43)   0.2493 (9.55)          3;0   0.1952 (0.00)         10           1
test[26]              10,548.7516 (667.14)   10,566.8260 (544.56)   10,550.9272 (663.47)   5.5965 (183.49)   10,549.1454 (665.88)   0.7645 (29.28)         1;1   0.0948 (0.00)         10           1
test[27]              21,788.6785 (>1000.0)  21,790.0784 (>1000.0)  21,789.1945 (>1000.0)  0.4956 (16.25)    21,789.0637 (>1000.0)  0.8349 (31.98)         3;0   0.0459 (0.00)         10           1
-----------------------------------------------------------------------------------------------------------------------------------------------------------------------------------------------------

Legend:
  Outliers: 1 Standard Deviation from Mean; 1.5 IQR (InterQuartile Range) from 1st Quartile and 3rd Quartile.
  OPS: Operations Per Second, computed as 1 / Mean
======================== 24 passed in 571.03s (0:09:31) ========================
++ cd -
/workspace
++ cd qiskit-aer/
++ ./exec.sh f64
============================= test session starts ==============================
platform linux -- Python 3.12.13, pytest-9.0.3, pluggy-1.6.0
benchmark: 5.2.3 (defaults: timer=time.perf_counter disable_gc=False min_rounds=10 min_time=0.000005 max_time=1.0 calibration_precision=10 warmup=False warmup_iterations=100000)
rootdir: /workspace/qiskit-aer
plugins: benchmark-5.2.3
collected 22 items

f64.py ......................                                            [100%]
Wrote benchmark data in: <_io.BufferedWriter name='f64.json'>



--------------------------------------------------------------------------------- benchmark 'circuit': 22 tests ----------------------------------------------------------------------------------
Name (time in ms)            Min                   Max                  Mean            StdDev                Median                IQR            Outliers      OPS            Rounds  Iterations
--------------------------------------------------------------------------------------------------------------------------------------------------------------------------------------------------
test[4]                  24.6576 (1.0)         25.3558 (1.0)         24.8448 (1.0)      0.1989 (1.82)        24.7660 (1.0)       0.0634 (1.0)           6;6  40.2498 (1.0)          39           1
test[5]                  31.0867 (1.26)        31.5437 (1.24)        31.2852 (1.26)     0.1095 (1.0)         31.2901 (1.26)      0.1430 (2.25)          8;0  31.9640 (0.79)         32           1
test[6]                  37.0225 (1.50)        37.6341 (1.48)        37.3372 (1.50)     0.1656 (1.51)        37.2822 (1.51)      0.2152 (3.39)          8;0  26.7829 (0.67)         27           1
test[7]                  45.1011 (1.83)        46.9829 (1.85)        45.2879 (1.82)     0.3750 (3.42)        45.2109 (1.83)      0.1096 (1.73)          1;1  22.0810 (0.55)         23           1
test[8]                  51.4522 (2.09)        52.1129 (2.06)        51.7760 (2.08)     0.1798 (1.64)        51.7772 (2.09)      0.2611 (4.12)          6;0  19.3140 (0.48)         20           1
test[9]                  58.6555 (2.38)        61.2208 (2.41)        59.2178 (2.38)     0.5301 (4.84)        59.1515 (2.39)      0.2801 (4.42)          2;1  16.8868 (0.42)         18           1
test[10]                 65.6458 (2.66)        66.9916 (2.64)        66.0175 (2.66)     0.3380 (3.09)        65.9405 (2.66)      0.2117 (3.34)          3;2  15.1475 (0.38)         16           1
test[11]                 75.3336 (3.06)        75.9293 (2.99)        75.6664 (3.05)     0.1757 (1.60)        75.7118 (3.06)      0.2312 (3.64)          4;0  13.2159 (0.33)         14           1
test[12]                 83.7394 (3.40)        84.8617 (3.35)        83.9744 (3.38)     0.2924 (2.67)        83.8829 (3.39)      0.1371 (2.16)          1;1  11.9084 (0.30)         12           1
test[13]                 90.8100 (3.68)        93.9262 (3.70)        91.2852 (3.67)     0.8886 (8.11)        91.0048 (3.67)      0.2567 (4.05)          1;1  10.9547 (0.27)         11           1
test[14]                 99.6916 (4.04)       100.5854 (3.97)       100.1176 (4.03)     0.2978 (2.72)       100.2072 (4.05)      0.5146 (8.11)          4;0   9.9883 (0.25)         11           1
test[15]                106.1198 (4.30)       108.9019 (4.29)       106.7080 (4.29)     0.8140 (7.43)       106.4632 (4.30)      0.4270 (6.73)          1;1   9.3714 (0.23)         10           1
test[16]                115.3162 (4.68)       116.6877 (4.60)       116.1139 (4.67)     0.5059 (4.62)       116.1613 (4.69)      0.8945 (14.10)         5;0   8.6122 (0.21)         10           1
test[17]                127.1944 (5.16)       128.3951 (5.06)       127.7378 (5.14)     0.3580 (3.27)       127.6500 (5.15)      0.4162 (6.56)          3;0   7.8285 (0.19)         10           1
test[18]                136.6723 (5.54)       148.7611 (5.87)       142.7746 (5.75)     3.3681 (30.76)      142.0749 (5.74)      1.7462 (27.53)         3;3   7.0040 (0.17)         10           1
test[19]                147.8914 (6.00)       164.7071 (6.50)       156.9577 (6.32)     5.8661 (53.57)      156.3773 (6.31)      6.0777 (95.81)         4;0   6.3711 (0.16)         10           1
test[20]                176.6301 (7.16)       177.5193 (7.00)       177.0258 (7.13)     0.2660 (2.43)       176.9851 (7.15)      0.3658 (5.77)          3;0   5.6489 (0.14)         10           1
test[21]                357.9579 (14.52)      359.1114 (14.16)      358.6310 (14.43)    0.4105 (3.75)       358.6421 (14.48)     0.5278 (8.32)          5;0   2.7884 (0.07)         10           1
test[22]                727.2396 (29.49)      729.8737 (28.79)      728.5729 (29.32)    0.8268 (7.55)       728.6252 (29.42)     1.0124 (15.96)         3;0   1.3725 (0.03)         10           1
test[23]              1,376.2701 (55.82)    1,381.0627 (54.47)    1,378.8369 (55.50)    1.1937 (10.90)    1,378.8479 (55.67)     0.8626 (13.60)         2;2   0.7252 (0.02)         10           1
test[24]              2,706.9410 (109.78)   2,713.9460 (107.03)   2,711.8710 (109.15)   2.4037 (21.95)    2,712.6137 (109.53)    1.6952 (26.72)         2;2   0.3687 (0.01)         10           1
test[25]              5,446.6342 (220.89)   5,473.0534 (215.85)   5,462.6236 (219.87)   8.1523 (74.45)    5,460.4161 (220.48)   12.6169 (198.89)        4;0   0.1831 (0.00)         10           1
--------------------------------------------------------------------------------------------------------------------------------------------------------------------------------------------------

Legend:
  Outliers: 1 Standard Deviation from Mean; 1.5 IQR (InterQuartile Range) from 1st Quartile and 3rd Quartile.
  OPS: Operations Per Second, computed as 1 / Mean
======================== 22 passed in 167.89s (0:02:47) ========================
++ cd -
/workspace
++ cd qiskit-aer-custatevec/
++ ./exec.sh f64
============================= test session starts ==============================
platform linux -- Python 3.12.13, pytest-9.0.3, pluggy-1.6.0
benchmark: 5.2.3 (defaults: timer=time.perf_counter disable_gc=False min_rounds=10 min_time=0.000005 max_time=1.0 calibration_precision=10 warmup=False warmup_iterations=100000)
rootdir: /workspace/qiskit-aer-custatevec
plugins: benchmark-5.2.3
collected 22 items

f64.py ......................                                            [100%]
Wrote benchmark data in: <_io.BufferedWriter name='f64.json'>



--------------------------------------------------------------------------------- benchmark 'circuit': 22 tests ----------------------------------------------------------------------------------
Name (time in ms)            Min                   Max                  Mean             StdDev                Median               IQR            Outliers      OPS            Rounds  Iterations
--------------------------------------------------------------------------------------------------------------------------------------------------------------------------------------------------
test[4]                  32.9158 (1.0)         35.5126 (1.0)         33.0892 (1.0)       0.4724 (1.08)        32.9884 (1.0)      0.0762 (1.0)           1;4  30.2214 (1.0)          29           1
test[5]                  40.2105 (1.22)        42.5147 (1.20)        40.4450 (1.22)      0.4393 (1.0)         40.3404 (1.22)     0.0978 (1.28)          1;1  24.7250 (0.82)         25           1
test[6]                  47.6761 (1.45)        49.9045 (1.41)        48.0185 (1.45)      0.4534 (1.03)        47.9184 (1.45)     0.2211 (2.90)          1;1  20.8253 (0.69)         21           1
test[7]                  56.8843 (1.73)        59.0999 (1.66)        57.2754 (1.73)      0.6366 (1.45)        57.0610 (1.73)     0.1407 (1.85)          2;2  17.4595 (0.58)         18           1
test[8]                  64.8527 (1.97)        67.0674 (1.89)        65.1700 (1.97)      0.5192 (1.18)        65.0160 (1.97)     0.2104 (2.76)          1;1  15.3445 (0.51)         16           1
test[9]                  72.7728 (2.21)        76.5071 (2.15)        74.3883 (2.25)      0.8711 (1.98)        74.4047 (2.26)     0.3943 (5.18)          3;4  13.4430 (0.44)         14           1
test[10]                 79.9569 (2.43)        82.2129 (2.32)        80.8065 (2.44)      0.7607 (1.73)        80.5688 (2.44)     1.0118 (13.28)         4;0  12.3752 (0.41)         13           1
test[11]                 88.3907 (2.69)        90.0531 (2.54)        88.7103 (2.68)      0.4742 (1.08)        88.6242 (2.69)     0.3464 (4.55)          1;1  11.2727 (0.37)         11           1
test[12]                 97.6022 (2.97)        99.9925 (2.82)        98.2673 (2.97)      0.6141 (1.40)        98.1860 (2.98)     0.3335 (4.38)          2;1  10.1763 (0.34)         11           1
test[13]                107.8465 (3.28)       110.4276 (3.11)       108.4868 (3.28)      0.9515 (2.17)       108.0645 (3.28)     0.5919 (7.77)          2;2   9.2177 (0.31)         10           1
test[14]                116.2312 (3.53)       117.9281 (3.32)       116.5740 (3.52)      0.5770 (1.31)       116.3048 (3.53)     0.2034 (2.67)          2;2   8.5782 (0.28)         10           1
test[15]                124.8392 (3.79)       126.4277 (3.56)       125.1932 (3.78)      0.4541 (1.03)       125.1094 (3.79)     0.1930 (2.53)          1;1   7.9877 (0.26)         10           1
test[16]                135.9144 (4.13)       138.4996 (3.90)       136.7539 (4.13)      0.7916 (1.80)       136.4799 (4.14)     0.3500 (4.60)          3;2   7.3124 (0.24)         10           1
test[17]                146.2334 (4.44)       148.4581 (4.18)       146.9096 (4.44)      0.7656 (1.74)       146.6289 (4.44)     0.5652 (7.42)          2;2   6.8069 (0.23)         10           1
test[18]                157.8598 (4.80)       159.8934 (4.50)       158.4063 (4.79)      0.7120 (1.62)       158.0953 (4.79)     0.2815 (3.70)          2;2   6.3129 (0.21)         10           1
test[19]                167.0665 (5.08)       169.9355 (4.79)       167.9039 (5.07)      0.8953 (2.04)       167.5668 (5.08)     0.4089 (5.37)          2;2   5.9558 (0.20)         10           1
test[20]                212.0094 (6.44)       214.0027 (6.03)       212.6556 (6.43)      0.6459 (1.47)       212.4638 (6.44)     0.6142 (8.06)          3;1   4.7024 (0.16)         10           1
test[21]                461.1822 (14.01)      463.1828 (13.04)      461.9915 (13.96)     0.7461 (1.70)       461.7814 (14.00)    1.4223 (18.67)         4;0   2.1645 (0.07)         10           1
test[22]                856.0420 (26.01)      859.0415 (24.19)      858.0509 (25.93)     1.0396 (2.37)       858.5056 (26.02)    1.6981 (22.29)         3;0   1.1654 (0.04)         10           1
test[23]              1,615.4172 (49.08)    1,619.3740 (45.60)    1,618.5078 (48.91)     1.1476 (2.61)     1,618.7137 (49.07)    0.8013 (10.52)         1;1   0.6179 (0.02)         10           1
test[24]              3,185.1843 (96.77)    3,189.3786 (89.81)    3,188.4284 (96.36)     1.3061 (2.97)     3,189.0028 (96.67)    0.6563 (8.62)          1;2   0.3136 (0.01)         10           1
test[25]              6,417.6165 (194.97)   6,455.3727 (181.78)   6,433.0407 (194.42)   10.1763 (23.17)    6,432.1871 (194.98)   8.3616 (109.78)        2;1   0.1554 (0.01)         10           1
--------------------------------------------------------------------------------------------------------------------------------------------------------------------------------------------------

Legend:
  Outliers: 1 Standard Deviation from Mean; 1.5 IQR (InterQuartile Range) from 1st Quartile and 3rd Quartile.
  OPS: Operations Per Second, computed as 1 / Mean
======================== 22 passed in 194.90s (0:03:14) ========================
++ cd -
/workspace
++ cd custatevec/
++ ./exec.sh f64
============================= test session starts ==============================
platform linux -- Python 3.12.13, pytest-9.0.3, pluggy-1.6.0
benchmark: 5.2.3 (defaults: timer=time.perf_counter disable_gc=False min_rounds=10 min_time=0.000005 max_time=1.0 calibration_precision=10 warmup=False warmup_iterations=100000)
rootdir: /workspace/custatevec
plugins: benchmark-5.2.3
collected 24 items

f64.py ........................                                          [100%]
Wrote benchmark data in: <_io.BufferedWriter name='f64.json'>



----------------------------------------------------------------------------------- benchmark 'circuit': 24 tests ------------------------------------------------------------------------------------
Name (time in ms)             Min                    Max                   Mean            StdDev                 Median               IQR            Outliers       OPS            Rounds  Iterations
------------------------------------------------------------------------------------------------------------------------------------------------------------------------------------------------------
test[4]                    5.1997 (1.0)           6.3401 (1.0)           5.2316 (1.0)      0.0845 (7.07)          5.2188 (1.0)      0.0205 (1.49)          2;7  191.1479 (1.0)         185           1
test[5]                    6.4879 (1.25)          7.1377 (1.13)          6.5474 (1.25)     0.0505 (4.23)          6.5415 (1.25)     0.0137 (1.0)          4;18  152.7335 (0.80)        153           1
test[6]                    7.8033 (1.50)          8.7857 (1.39)          7.8609 (1.50)     0.0849 (7.10)          7.8515 (1.50)     0.0195 (1.42)          2;9  127.2115 (0.67)        128           1
test[7]                    9.1317 (1.76)          9.3237 (1.47)          9.1598 (1.75)     0.0282 (2.36)          9.1504 (1.75)     0.0201 (1.47)          9;8  109.1729 (0.57)        110           1
test[8]                   10.6013 (2.04)         11.2795 (1.78)         10.6409 (2.03)     0.0708 (5.93)         10.6318 (2.04)     0.0269 (1.95)          3;4   93.9771 (0.49)         95           1
test[9]                   11.9300 (2.29)         12.1263 (1.91)         11.9905 (2.29)     0.0354 (2.96)         11.9865 (2.30)     0.0447 (3.26)         28;1   83.3994 (0.44)         84           1
test[10]                  13.2870 (2.56)         13.4331 (2.12)         13.3254 (2.55)     0.0269 (2.25)         13.3177 (2.55)     0.0327 (2.38)         19;2   75.0444 (0.39)         75           1
test[11]                  14.5451 (2.80)         14.7618 (2.33)         14.5959 (2.79)     0.0357 (2.99)         14.5878 (2.80)     0.0368 (2.68)         14;3   68.5124 (0.36)         69           1
test[12]                  15.8213 (3.04)         16.3141 (2.57)         15.8917 (3.04)     0.0668 (5.59)         15.8781 (3.04)     0.0464 (3.37)          7;2   62.9258 (0.33)         63           1
test[13]                  17.1803 (3.30)         17.3660 (2.74)         17.2418 (3.30)     0.0347 (2.90)         17.2395 (3.30)     0.0381 (2.78)         14;2   57.9985 (0.30)         58           1
test[14]                  18.5957 (3.58)         18.8512 (2.97)         18.6405 (3.56)     0.0399 (3.34)         18.6326 (3.57)     0.0421 (3.07)          9;1   53.6467 (0.28)         54           1
test[15]                  19.8581 (3.82)         20.0222 (3.16)         19.9169 (3.81)     0.0293 (2.45)         19.9131 (3.82)     0.0301 (2.19)         13;3   50.2087 (0.26)         51           1
test[16]                  20.9897 (4.04)         21.5425 (3.40)         21.0546 (4.02)     0.0806 (6.75)         21.0410 (4.03)     0.0495 (3.61)          2;2   47.4956 (0.25)         48           1
test[17]                  22.5599 (4.34)         22.8337 (3.60)         22.6209 (4.32)     0.0477 (3.99)         22.6122 (4.33)     0.0387 (2.82)          8;3   44.2069 (0.23)         45           1
test[18]                  27.9290 (5.37)         27.9734 (4.41)         27.9511 (5.34)     0.0119 (1.0)          27.9499 (5.36)     0.0180 (1.31)         14;0   35.7768 (0.19)         36           1
test[19]                  42.8594 (8.24)         42.9213 (6.77)         42.8895 (8.20)     0.0123 (1.03)         42.8895 (8.22)     0.0155 (1.13)          4;1   23.3157 (0.12)         24           1
test[20]                  69.3925 (13.35)        69.4534 (10.95)        69.4196 (13.27)    0.0179 (1.50)         69.4167 (13.30)    0.0231 (1.68)          5;0   14.4052 (0.08)         15           1
test[21]                 226.8430 (43.63)       227.3537 (35.86)       227.0147 (43.39)    0.1726 (14.44)       226.9807 (43.49)    0.2284 (16.63)         2;0    4.4050 (0.02)         10           1
test[22]                 569.4362 (109.51)      569.5516 (89.83)       569.5050 (108.86)   0.0389 (3.25)        569.5062 (109.13)   0.0714 (5.20)          3;0    1.7559 (0.01)         10           1
test[23]               1,181.4252 (227.21)    1,181.7357 (186.39)    1,181.5973 (225.86)   0.0967 (8.09)      1,181.6075 (226.41)   0.1205 (8.77)          4;0    0.8463 (0.00)         10           1
test[24]               2,428.5260 (467.05)    2,428.9204 (383.11)    2,428.7312 (464.25)   0.1356 (11.34)     2,428.7009 (465.37)   0.1851 (13.47)         4;0    0.4117 (0.00)         10           1
test[25]               5,017.9897 (965.05)    5,018.5868 (791.56)    5,018.2184 (959.22)   0.1562 (13.07)     5,018.2279 (961.56)   0.0977 (7.11)          2;2    0.1993 (0.00)         10           1
test[26]              10,392.0075 (>1000.0)  10,392.5128 (>1000.0)  10,392.2611 (>1000.0)  0.1677 (14.03)    10,392.2908 (>1000.0)  0.2381 (17.33)         3;0    0.0962 (0.00)         10           1
test[27]              21,528.7324 (>1000.0)  21,553.4251 (>1000.0)  21,531.6330 (>1000.0)  7.6608 (641.07)   21,529.2847 (>1000.0)  0.3846 (27.99)         1;1    0.0464 (0.00)         10           1
------------------------------------------------------------------------------------------------------------------------------------------------------------------------------------------------------

Legend:
  Outliers: 1 Standard Deviation from Mean; 1.5 IQR (InterQuartile Range) from 1st Quartile and 3rd Quartile.
  OPS: Operations Per Second, computed as 1 / Mean
======================== 24 passed in 558.95s (0:09:18) ========================
++ cd -
/workspace
